162 625
374 2071
4267 696
339 417
3 2
174 560
1329 442
2328 2293
1343 634
2071 374
234 540
205 608
37 174
235 54
2598 915
582 251
162 2281
142 365
2 1895
207 373
915 2282
772 773
414 244
368 3506
904 212
137 136
1394 3821
136 137
768 652
1863 772
820 821
772 1863
3225 894
1147 1154
251 582
259 260
486 374
4116 392
413 174
616 0
4857 1376
145 1292
2 3
454 443
374 486
2627 2628
608 205
5129 5052
73 401
174 37
3129 66
1480 167
392 212
401 73
261 1691
392 689
174 413
29 1218
47 919
167 1480
0 616
237 413
212 392
560 174
589 889
417 339
2282 915
245 767
3389 897
839 1329 442
1995 1438
689 392
919 47
60 1453
244 414
1453 60
767 245
1691 261
968 1260
365 142
2914 121
540 234
373 207
622 623
